929
632
225
460
235
651
538
181
198
520
626
17
140
730
82
188
673
792
124
43
500
327
169
4
248
812
832
392
373
509
180
164
498
590
281
393
914
250
39
379
105
149
262
113
334
87
213
419
35
770
166
608
422
516
889
179
45
860
849
667
796
332
426
27
537
965
222
746
717
162
725
949
896
496
83
361
712
946
486
882
994
14
997
600
153
289
84
787
580
740
573
487
639
177
371
866
910
428
791
100
843
243
633
468
383
481
678
505
671
253
703
532
583
491
514
829
313
290
941
51
568
374
818
241
664
20
762
173
114
264
597
223
324
242
191
756
591
720
2
886
256
855
901
536
328
556
291
989
227
74
721
395
504
475
610
467
835
280
507
731
259
308
165
388
719
714
292
344
399
283
108
603
918
219
284
245
745
825
13
701
197
333
493
800
585
559
533
66
312
508
948
624
54
380
441
354
443
555
61
891
143
708
761
346
440
815
95
972
315
598
652
201
42
406
252
715
271
892
658
267
834
687
964
18
894
655
437
369
705
359
402
207
123
794
427
37
90
309
494
445
670
566
749
69
747
933
360
117
16
903
132
212
77
458
966
767
833
999
676
99
916
130
816
899
200
184
694
102
593
276
904
975
675
375
335
579
879
293
155
669
366
0
875
447
318
349
928
688
846
49
788
139
196
654
40
847
408
517
806
606
410
521
726
565
817
601
81
977
126
512
247
462
476
62
317
528
353
210
294
774
926
398
342
430
389
141
631
86
9
513
147
783
748
446
645
689
897
525
211
587
214
780
172
950
971
450
400
368
677
809
940
605
531
269
722
713
78
157
607
527
736
148
919
351
742
908
611
483
797
679
773
424
698
302
41
338
766
226
518
845
320
594
183
352
641
339
249
893
418
237
936
599
254
234
604
454
539
436
871
878
691
484
925
265
127
807
474
55
612
895
28
588
789
341
8
171
112
906
71
813
382
764
305
840
661
976
613
778
853
202
987
470
979
937
444
728
905
257
602
912
524
884
824
776
204
888
543
205
457
640
151
558
959
319
942
185
859
991
638
355
429
413
861
199
303
1
943
314
561
934
385
944
741
545
415
529
990
995
136
228
244
134
133
168
485
877
502
618
301
546
634
522
206
260
407
38
769
125
578
699
659
620
68
955
208
921
781
644
757
523
839
723
880
707
873
391
810
89
414
24
32
753
497
733
915
625
952
662
760
803
107
663
94
50
954
681
784
576
535
660
920
869
665
12
534
530
343
984
231
951
88
724
751
503
968
595
842
477
221
46
945
279
278
970
11
682
923
986
953
648
967
743
993
642
680
488
381
735
420
575
31
80
653
592
119
510
70
442
501
5
300
619
643
106
98
128
459
574
564
771
823
145
297
686
261
831
229
635
348
820
560
822
287
273
215
152
190
819
826
656
581
469
711
258
577
765
852
405
540
998
370
251
848
615
700
187
947
814
628
499
456
423
48
331
552
636
490
56
330
79
465
76
448
982
706
541
268
772
988
685
511
238
142
362
695
851
927
193
802
492
364
716
782
902
91
924
439
93
907
358
702
885
270
629
220
92
209
109
322
29
217
872
827
22
411
118
913
60
553
939
357
321
704
870
122
401
33
589
304
325
275
160
263
137
646
159
750
739
738
922
992
557
21
326
394
316
329
962
887
808
138
718
734
799
935
526
978
472
506
569
795
15
480
697
838
883
863
58
433
150
881
195
30
233
121
272
567
146
931
930
515
103
298
996
365
323
828
73
239
432
336
34
163
282
404
372
969
471
917
684
779
156
775
296
786
434
96
836
377
544
864
421
957
52
310
729
627
397
549
983
548
104
793
378
844
178
116
790
110
650
960
473
868
862
562
867
890
285
26
805
623
798
551
821
693
672
586
170
777
186
363
416
768
277
356
463
858
495
255
898
425
932
230
981
455
288
785
449
649
64
854
461
683
452
657
453
754
67
167
47
403
876
240
710
307
763
350
154
617
97
131
120
571
246
101
963
478
75
874
572
340
584
911
189
158
396
696
674
216
865
570
466
755
345
44
25
85
438
956
614
7
10
850
286
582
306
299
431
637
412
386
451
542
973
938
830
609
857
236
435
489
53
175
621
550
744
752
985
232
115
144
737
596
311
347
464
732
961
909
59
135
758
19
417
479
176
111
727
668
958
804
387
194
192
63
274
376
692
390
841
554
65
974
23
57
367
690
266
856
224
630
519
811
801
980
482
709
6
218
647
837
129
203
900
72
174
337
622
384
759
563
409
295
547
666
3
182
161
616
36
